#         t          x          y          z         vx         vy         vz
      0.000     98.560    119.990    127.760     28.430   -173.920    -93.230
      0.010     98.839    118.244    126.820     27.301   -175.283    -94.689
      0.020     99.106    116.484    125.866     26.143   -176.656    -96.171
      0.030     99.361    114.711    124.897     24.955   -178.040    -97.676
      0.040     99.605    112.923    123.912     23.735   -179.435    -99.204
      0.050     99.836    111.122    122.913     22.484   -180.841   -100.756
      0.060    100.054    109.307    121.897     21.199   -182.258   -102.334
      0.070    100.260    107.477    120.866     19.879   -183.686   -103.937
      0.080    100.452    105.633    119.818     18.523   -185.126   -105.567
      0.090    100.630    103.774    118.754     17.129   -186.578   -107.224
      0.100    100.794    101.901    117.674     15.697   -188.040   -108.910
      0.110    100.944    100.013    116.576     14.223   -189.515   -110.625
      0.120    101.078     98.111    115.461     12.707   -191.002   -112.370
      0.130    101.198     96.193    114.329     11.148   -192.500   -114.146
      0.140    101.301     94.261    113.178      9.542   -194.010   -115.955
      0.150    101.388     92.313    112.009      7.888   -195.533   -117.797
      0.160    101.459     90.350    110.822      6.184   -197.067   -119.673
      0.170    101.512     88.372    109.616      4.427   -198.614   -121.585
      0.180    101.547     86.378    108.390      2.616   -200.172   -123.535
      0.190    101.564     84.368    107.145      0.748   -201.743   -125.522
      0.200    101.562     82.343    105.879     -1.180   -203.325   -127.549
      0.210    101.540     80.302    104.594     -3.170   -204.919   -129.618
      0.220    101.498     78.244    103.287     -5.226   -206.525   -131.729
      0.230    101.435     76.171    101.959     -7.352   -208.142   -133.884
      0.240    101.350     74.081    100.609     -9.549   -209.770   -136.085
      0.250    101.244     71.976     99.237    -11.822   -211.409   -138.333
      0.260    101.114     69.853     97.842    -14.175   -213.058   -140.632
      0.270    100.960     67.714     96.424    -16.612   -214.717   -142.981
      0.280    100.781     65.559     94.982    -19.138   -216.385   -145.384
      0.290    100.576     63.387     93.516    -21.756   -218.062   -147.843
      0.300    100.345     61.198     92.025    -24.473   -219.747   -150.359
      0.310    100.086     58.992     90.508    -27.294   -221.438   -152.935
      0.320     99.799     56.769     88.966    -30.224   -223.135   -155.574
      0.330     99.481     54.529     87.397    -33.270   -224.837   -158.279
      0.340     99.133     52.272     85.800    -36.439   -226.541   -161.051
      0.350     98.752     49.998     84.175    -39.738   -228.246   -163.894
      0.360     98.337     47.707     82.522    -43.176   -229.950   -166.811
      0.370     97.888     45.399     80.839    -46.760   -231.651   -169.805
      0.380     97.401     43.074     79.125    -50.501   -233.345   -172.880
      0.390     96.877     40.732     77.381    -54.407   -235.030   -176.038
      0.400     96.312     38.374     75.604    -58.491   -236.703   -179.283
      0.410     95.706     35.998     73.795    -62.764   -238.358   -182.620
      0.420     95.056     33.607     71.951    -67.239   -239.990   -186.052
      0.430     94.360     31.199     70.073    -71.930   -241.595   -189.583
      0.440     93.616     28.775     68.159    -76.853   -243.166   -193.217
      0.450     92.822     26.335     66.208    -82.024   -244.695   -196.960
      0.460     91.974     23.881     64.219    -87.462   -246.172   -200.814
      0.470     91.071     21.412     62.191    -93.188   -247.589   -204.785
      0.480     90.109     18.930     60.123    -99.222   -248.933   -208.877
      0.490     89.085     16.434     58.013   -105.590   -250.189   -213.095
      0.500     87.996     13.926     55.860   -112.318   -251.343   -217.442
      0.510     86.837     11.408     53.664   -119.435   -252.374   -221.923
      0.520     85.605      8.880     51.421   -126.974   -253.261   -226.540
      0.530     84.295      6.344     49.132   -134.969   -253.978   -231.298
      0.540     82.903      3.801     46.795   -143.460   -254.493   -236.197
      0.550     81.423      1.255     44.407   -152.489   -254.771   -241.238
      0.560     79.850     -1.293     41.969   -162.102   -254.768   -246.420
      0.570     78.178     -3.839     39.478   -172.351   -254.435   -251.737
      0.580     76.400     -6.380     36.934   -183.290   -253.712   -257.183
      0.590     74.508     -8.911     34.334   -194.979   -252.528   -262.746
      0.600     72.496    -11.427     31.678   -207.482   -250.798   -268.407
      0.610     70.354    -13.924     28.966   -220.867   -248.423   -274.140
      0.620     68.074    -16.392     26.195   -235.202   -245.283   -279.909
      0.630     65.645    -18.825     23.367   -250.558   -241.239   -285.664
      0.640     63.057    -21.211     20.482   -267.002   -236.124   -291.337
      0.650     60.299    -23.541     17.542   -284.593   -229.742   -296.839
      0.660     57.360    -25.799     14.547   -303.376   -221.865   -302.050
      0.670     54.226    -27.969     11.503   -323.370   -212.231   -306.818
      0.680     50.886    -30.033      8.414   -344.552   -200.543   -310.944
      0.690     47.329    -31.968      5.288   -366.842   -186.471   -314.182
      0.700     43.545    -33.749      2.136   -390.074   -169.671   -316.222
      0.710     39.525    -35.346     -1.028   -413.963   -149.801   -316.622
      0.720     35.264    -36.728     -4.185   -438.049   -126.589   -314.770
      0.730     30.766    -37.861     -7.311   -461.717    -99.852   -310.449
      0.740     26.036    -38.708    -10.379   -484.187    -69.564   -303.233
      0.750     21.093    -39.235    -13.359   -504.522    -35.932   -292.757
      0.760     15.961    -39.412    -16.217   -521.703      0.533   -278.797
      0.770     10.679    -39.214    -18.918   -534.737     39.002   -261.353
      0.780      5.291    -38.628    -21.428   -542.812     78.361   -240.696
      0.790     -0.150    -37.649    -23.718   -545.439    117.325   -217.377
      0.800     -5.590    -36.289    -25.766   -542.545    154.609   -192.175
      0.810    -10.975    -34.571    -27.557   -534.483    189.095   -165.984
      0.820    -16.257    -32.526    -29.085   -521.953    219.968   -139.697
      0.830    -21.396    -30.192    -30.354   -505.863    246.768   -114.087
      0.840    -26.361    -27.611    -31.374   -487.186    269.375    -89.754
      0.850    -31.131    -24.825    -32.158   -466.839    287.932    -67.094
      0.860    -35.694    -21.871    -32.725   -445.611    302.766    -46.325
      0.870    -40.042    -18.786    -33.094   -424.133    314.295    -27.517
      0.880    -44.177    -15.600    -33.285   -402.878    322.973    -10.636
      0.890    -48.103    -12.338    -33.316   -382.178    329.240      4.419
      0.900    -51.825     -9.025    -33.205   -362.251    333.501     17.788
      0.910    -55.352     -5.677    -32.968   -343.228    336.110     29.626
      0.920    -58.694     -2.309    -32.619   -325.175    337.374     40.091
      0.930    -61.861      1.065    -32.172   -308.112    337.550     49.337
      0.940    -64.861      4.437    -31.638   -292.030    336.852     57.503
      0.950    -67.706      7.799    -31.027   -276.897    335.455     64.718
      0.960    -70.404     11.144    -30.348   -262.671    333.504     71.097
      0.970    -72.964     14.467    -29.609   -249.300    331.115     76.739
      0.980    -75.394     17.764    -28.816   -236.734    328.385     81.735
      0.990    -77.702     21.033    -27.977   -224.917    325.391     86.161
      1.000    -79.896     24.271    -27.095   -213.799    322.195     90.085
      1.010    -81.981     27.476    -26.177   -203.329    318.848     93.567
      1.020    -83.965     30.647    -25.226   -193.460    315.391     96.658
      1.030    -85.853     33.784    -24.246   -184.147    311.858     99.401
      1.040    -87.651     36.884    -23.240   -175.351    308.275    101.838
      1.050    -89.363     39.949    -22.210   -167.032    304.664    104.000
      1.060    -90.994     42.978    -21.161   -159.155    301.042    105.919
      1.070    -92.548     45.970    -20.093   -151.690    297.424    107.620
      1.080    -94.029     48.926    -19.009   -144.605    293.821    109.127
      1.090    -95.442     51.846    -17.911   -137.874    290.241    110.459
      1.100    -96.789     54.731    -16.801   -131.473    286.692    111.634
      1.110    -98.073     57.580    -15.679   -125.378    283.179    112.668
      1.120    -99.298     60.395    -14.548   -119.569    279.707    113.574
      1.130   -100.466     63.175    -13.409   -114.027    276.279    114.366
      1.140   -101.579     65.921    -12.261   -108.733    272.896    115.053
      1.150   -102.641     68.633    -11.108   -103.672    269.562    115.647
      1.160   -103.654     71.312     -9.949    -98.830    266.277    116.155
      1.170   -104.619     73.959     -8.785    -94.191    263.042    116.585
      1.180   -105.539     76.573     -7.618    -89.745    259.857    116.944
      1.190   -106.415     79.156     -6.447    -85.479    256.722    117.239
      1.200   -107.249     81.708     -5.273    -81.382    253.638    117.474
      1.210   -108.043     84.229     -4.097    -77.445    250.603    117.656
      1.220   -108.799     86.720     -2.920    -73.659    247.618    117.789
      1.230   -109.517     89.182     -1.742    -70.014    244.682    117.875
      1.240   -110.200     91.614     -0.563    -66.503    241.793    117.919
      1.250   -110.848     94.018      0.616    -63.120    238.952    117.918
      1.260   -111.463     96.393      1.795    -59.856    236.156    117.876
      1.270   -112.046     98.741      2.974    -56.707    233.407    117.801
      1.280   -112.597    101.062      4.151    -53.665    230.701    117.697
      1.290   -113.119    103.355      5.327    -50.726    228.040    117.566
      1.300   -113.612    105.623      6.502    -47.884    225.421    117.411
      1.310   -114.077    107.864      7.676    -45.135    222.843    117.233
      1.320   -114.516    110.080      8.847    -42.474    220.306    117.034
      1.330   -114.927    112.270     10.016    -39.897    217.808    116.815
      1.340   -115.314    114.436     11.183    -37.399    215.348    116.579
      1.350   -115.676    116.578     12.348    -34.977    212.927    116.326
      1.360   -116.014    118.695     13.510    -32.629    210.542    116.058
      1.370   -116.329    120.789     14.669    -30.349    208.192    115.776
      1.380   -116.621    122.859     15.825    -28.136    205.877    115.481
      1.390   -116.892    124.906     16.978    -25.986    203.596    115.174
      1.400   -117.141    126.931     18.128    -23.897    201.348    114.855
      1.410   -117.370    128.933     19.275    -21.866    199.132    114.526
      1.420   -117.579    130.914     20.419    -19.890    196.947    114.188
      1.430   -117.768    132.873     21.559    -17.968    194.793    113.840
      1.440   -117.938    134.810     22.696    -16.098    192.668    113.484
      1.450   -118.090    136.726     23.829    -14.276    190.573    113.121
      1.460   -118.224    138.621     24.958    -12.501    188.505    112.750
      1.470   -118.340    140.496     26.084    -10.772    186.465    112.373
      1.480   -118.440    142.351     27.205     -9.087    184.452    111.989
      1.490   -118.522    144.185     28.323     -7.443    182.464    111.600
      1.500   -118.589    146.000     29.437     -5.840    180.502    111.206
      1.510   -118.639    147.796     30.547     -4.276    178.565    110.806
      1.520   -118.675    149.572     31.654     -2.750    176.652    110.402
      1.530   -118.695    151.329     32.755     -1.259    174.763    109.994
      1.540   -118.700    153.067     33.853      0.197    172.896    109.582
      1.550   -118.691    154.787     34.947      1.619    171.052    109.167
      1.560   -118.668    156.488     36.037      3.008    169.230    108.748
      1.570   -118.631    158.172     37.122      4.366    167.429    108.326
      1.580   -118.580    159.837     38.203      5.694    165.649    107.901
      1.590   -118.517    161.485     39.280      6.993    163.889    107.473
      1.600   -118.441    163.115     40.353      8.263    162.149    107.044
      1.610   -118.352    164.728     41.421      9.506    160.428    106.611
      1.620   -118.251    166.323     42.485     10.722    158.727    106.177
      1.630   -118.138    167.902     43.544     11.912    157.043    105.741
      1.640   -118.013    169.464     44.600     13.078    155.378    105.303
      1.650   -117.876    171.010     45.651     14.220    153.730    104.863
      1.660   -117.728    172.539     46.697     15.338    152.100    104.422
      1.670   -117.570    174.052     47.739     16.433    150.486    103.980
      1.680   -117.400    175.549     48.777     17.507    148.889    103.536
      1.690   -117.220    177.030     49.810     18.559    147.308    103.092
      1.700   -117.029    178.495     50.838     19.591    145.742    102.646
      1.710   -116.828    179.945     51.863     20.602    144.192    102.199
      1.720   -116.617    181.379     52.882     21.594    142.657    101.752
      1.730   -116.396    182.798     53.898     22.567    141.136    101.304
      1.740   -116.166    184.202     54.908     23.521    139.630    100.855
      1.750   -115.926    185.591     55.915     24.458    138.138    100.405
      1.760   -115.677    186.965     56.917     25.377    136.660     99.955
      1.770   -115.418    188.324     57.914     26.279    135.195     99.505
      1.780   -115.151    189.669     58.907     27.164    133.743     99.054
      1.790   -114.875    190.999     59.895     28.034    132.304     98.603
      1.800   -114.590    192.315     60.879     28.887    130.878     98.151
      1.810   -114.297    193.617     61.858     29.726    129.464     97.699
      1.820   -113.996    194.904     62.833     30.550    128.062     97.247
      1.830   -113.686    196.178     63.803     31.359    126.672     96.795
      1.840   -113.369    197.438     64.769     32.154    125.294     96.343
      1.850   -113.043    198.684     65.730     32.935    123.927     95.891
      1.860   -112.710    199.916     66.686     33.703    122.571     95.438
      1.870   -112.369    201.135     67.638     34.458    121.226     94.986
      1.880   -112.021    202.341     68.586     35.200    119.892     94.533
      1.890   -111.665    203.533     69.529     35.930    118.568     94.081
      1.900   -111.303    204.712     70.468     36.647    117.254     93.629
      1.910   -110.933    205.878     71.402     37.353    115.951     93.177
      1.920   -110.556    207.031     72.331     38.047    114.657     92.724
      1.930   -110.172    208.171     73.256     38.729    113.373     92.272
      1.940   -109.781    209.299     74.177     39.401    112.099     91.821
      1.950   -109.384    210.413     75.093     40.062    110.833     91.369
      1.960   -108.980    211.516     76.004     40.712    109.577     90.917
      1.970   -108.570    212.605     76.911     41.351    108.330     90.466
      1.980   -108.153    213.682     77.813     41.981    107.092     90.015
      1.990   -107.730    214.747     78.711     42.601    105.862     89.564
      2.000   -107.301    215.799     79.605     43.211    104.640     89.113
      2.010   -106.866    216.840     80.494     43.811    103.427     88.663
      2.020   -106.425    217.868     81.378     44.403    102.222     88.212
      2.030   -105.978    218.884     82.258     44.985    101.025     87.762
      2.040   -105.525    219.889     83.133     45.558     99.836     87.312
      2.050   -105.067    220.881     84.004     46.122     98.655     86.863
      2.060   -104.603    221.862     84.870     46.678     97.481     86.414
      2.070   -104.133    222.831     85.732     47.226     96.314     85.964
      2.080   -103.658    223.788     86.590     47.765     95.155     85.516
      2.090   -103.178    224.734     87.443     48.297     94.002     85.067
      2.100   -102.692    225.668     88.291     48.820     92.857     84.619
      2.110   -102.202    226.591     89.135     49.336     91.719     84.171
      2.120   -101.706    227.503     89.974     49.844     90.587     83.723
      2.130   -101.205    228.403     90.809     50.345     89.462     83.276
      2.140   -100.699    229.292     91.640     50.838     88.344     82.828
      2.150   -100.188    230.170     92.466     51.324     87.232     82.381
      2.160    -99.672    231.036     93.288     51.803     86.126     81.935
      2.170    -99.152    231.892     94.105     52.276     85.026     81.488
      2.180    -98.627    232.737     94.917     52.741     83.933     81.042
      2.190    -98.097    233.571     95.726     53.200     82.845     80.596
      2.200    -97.563    234.394     96.529     53.652     81.763     80.150
      2.210    -97.024    235.206     97.329     54.098     80.687     79.704
      2.220    -96.481    236.008     98.123     54.538     79.617     79.259
      2.230    -95.933    236.799     98.914     54.971     78.552     78.814
      2.240    -95.382    237.579     99.700     55.399     77.492     78.369
      2.250    -94.825    238.348    100.481     55.820     76.438     77.925
      2.260    -94.265    239.108    101.258     56.235     75.389     77.480
      2.270    -93.701    239.856    102.031     56.645     74.345     77.036
      2.280    -93.132    240.595    102.799     57.049     73.307     76.592
      2.290    -92.560    241.322    103.563     57.447     72.273     76.148
      2.300    -91.983    242.040    104.322     57.840     71.244     75.704
      2.310    -91.403    242.747    105.077     58.227     70.220     75.261
      2.320    -90.819    243.444    105.827     58.609     69.201     74.817
      2.330    -90.231    244.131    106.573     58.986     68.186     74.374
      2.340    -89.639    244.808    107.315     59.358     67.176     73.931
      2.350    -89.044    245.475    108.052     59.724     66.171     73.488
      2.360    -88.445    246.132    108.784     60.086     65.169     73.045
      2.370    -87.842    246.778    109.513     60.442     64.173     72.603
      2.380    -87.236    247.415    110.236     60.794     63.180     72.160
      2.390    -86.626    248.042    110.956     61.141     62.191     71.718
      2.400    -86.013    248.659    111.671     61.483     61.207     71.275
      2.410    -85.397    249.266    112.381     61.820     60.227     70.833
      2.420    -84.777    249.863    113.087     62.153     59.250     70.391
      2.430    -84.154    250.451    113.789     62.482     58.278     69.949
      2.440    -83.527    251.029    114.486     62.805     57.309     69.507
      2.450    -82.897    251.597    115.179     63.125     56.344     69.065
      2.460    -82.265    252.156    115.868     63.440     55.383     68.623
      2.470    -81.629    252.705    116.552     63.751     54.426     68.181
      2.480    -80.990    253.244    117.231     64.058     53.471     67.739
      2.490    -80.348    253.774    117.906     64.360     52.521     67.297
      2.500    -79.702    254.295    118.577     64.658     51.574     66.855
      2.510    -79.054    254.806    119.244     64.953     50.630     66.413
      2.520    -78.403    255.308    119.905     65.243     49.690     65.971
      2.530    -77.750    255.800    120.563     65.529     48.753     65.529
      2.540    -77.093    256.283    121.216     65.812     47.819     65.087
      2.550    -76.433    256.756    121.865     66.090     46.888     64.645
      2.560    -75.771    257.220    122.509     66.365     45.960     64.203
      2.570    -75.106    257.675    123.149     66.636     45.035     63.761
      2.580    -74.438    258.121    123.784     66.903     44.114     63.319
      2.590    -73.768    258.558    124.415     67.167     43.195     62.876
      2.600    -73.095    258.985    125.042     67.427     42.279     62.434
      2.610    -72.420    259.403    125.664     67.683     41.366     61.991
      2.620    -71.741    259.812    126.282     67.936     40.456     61.549
      2.630    -71.061    260.212    126.895     68.185     39.548     61.106
      2.640    -70.378    260.603    127.504     68.431     38.643     60.663
      2.650    -69.692    260.985    128.108     68.673     37.740     60.219
      2.660    -69.004    261.358    128.708     68.912     36.841     59.776
      2.670    -68.314    261.722    129.304     69.148     35.943     59.332
      2.680    -67.621    262.077    129.895     69.380     35.049     58.889
      2.690    -66.926    262.423    130.481     69.609     34.156     58.445
      2.700    -66.229    262.760    131.064     69.834     33.266     58.000
      2.710    -65.530    263.088    131.641     70.057     32.378     57.556
      2.720    -64.828    263.408    132.215     70.276     31.493     57.111
      2.730    -64.124    263.718    132.784     70.492     30.610     56.666
      2.740    -63.418    264.020    133.348     70.705     29.729     56.221
      2.750    -62.710    264.313    133.908     70.915     28.850     55.775
      2.760    -62.000    264.597    134.464     71.122     27.973     55.330
      2.770    -61.288    264.872    135.015     71.325     27.098     54.883
      2.780    -60.573    265.139    135.561     71.526     26.225     54.437
      2.790    -59.857    265.397    136.103     71.724     25.354     53.990
      2.800    -59.139    265.646    136.641     71.918     24.486     53.543
      2.810    -58.419    265.887    137.174     72.110     23.619     53.095
      2.820    -57.697    266.118    137.703     72.299     22.754     52.647
      2.830    -56.973    266.342    138.227     72.485     21.890     52.199
      2.840    -56.247    266.556    138.747     72.668     21.029     51.750
      2.850    -55.520    266.762    139.262     72.848     20.169     51.301
      2.860    -54.790    266.960    139.773     73.025     19.311     50.852
      2.870    -54.059    267.148    140.279     73.200     18.454     50.402
      2.880    -53.326    267.329    140.781     73.372     17.599     49.951
      2.890    -52.592    267.500    141.278     73.541     16.746     49.500
      2.900    -51.855    267.664    141.771     73.707     15.894     49.049
      2.910    -51.118    267.818    142.259     73.870     15.044     48.597
      2.920    -50.378    267.965    142.743     74.031     14.195     48.144
      2.930    -49.637    268.102    143.222     74.189     13.348     47.692
      2.940    -48.894    268.231    143.697     74.345     12.502     47.238
      2.950    -48.150    268.352    144.167     74.498     11.657     46.784
      2.960    -47.404    268.465    144.632     74.648     10.813     46.329
      2.970    -46.657    268.569    145.093     74.795      9.971     45.874
      2.980    -45.908    268.664    145.550     74.940      9.130     45.418
      2.990    -45.158    268.751    146.002     75.082      8.291     44.962
      3.000    -44.407    268.830    146.449     75.222      7.452     44.505
      3.010    -43.654    268.900    146.892     75.359      6.615     44.047
      3.020    -42.900    268.962    147.330     75.494      5.778     43.589
      3.030    -42.144    269.016    147.764     75.626      4.943     43.130
      3.040    -41.387    269.061    148.193     75.755      4.109     42.670
      3.050    -40.629    269.098    148.617     75.882      3.276     42.209
      3.060    -39.869    269.127    149.037     76.007      2.443     41.748
      3.070    -39.109    269.147    149.452     76.129      1.612     41.286
      3.080    -38.347    269.159    149.863     76.248      0.782     40.824
      3.090    -37.584    269.162    150.268     76.365     -0.048     40.360
      3.100    -36.820    269.158    150.670     76.480     -0.877     39.896
      3.110    -36.054    269.145    151.066     76.592     -1.705     39.431
      3.120    -35.288    269.124    151.458     76.702     -2.532     38.965
      3.130    -34.520    269.094    151.846     76.809     -3.359     38.499
      3.140    -33.752    269.057    152.228     76.914     -4.184     38.031
      3.150    -32.982    269.011    152.606     77.016     -5.010     37.563
      3.160    -32.211    268.956    152.980     77.116     -5.834     37.094
      3.170    -31.440    268.894    153.348     77.213     -6.658     36.623
      3.180    -30.667    268.823    153.712     77.308     -7.481     36.152
      3.190    -29.894    268.744    154.071     77.401     -8.304     35.680
      3.200    -29.119    268.657    154.426     77.491     -9.127     35.207
      3.210    -28.344    268.562    154.775     77.579     -9.948     34.734
      3.220    -27.567    268.458    155.120     77.665    -10.770     34.259
      3.230    -26.790    268.346    155.460     77.748    -11.591     33.783
      3.240    -26.013    268.226    155.796     77.829    -12.412     33.306
      3.250    -25.234    268.098    156.127     77.907    -13.232     32.828
      3.260    -24.454    267.962    156.452     77.983    -14.052     32.349
      3.270    -23.674    267.817    156.774     78.057    -14.872     31.869
      3.280    -22.893    267.664    157.090     78.128    -15.691     31.387
      3.290    -22.112    267.503    157.401     78.197    -16.510     30.905
      3.300    -21.329    267.334    157.708     78.263    -17.330     30.422
      3.310    -20.546    267.157    158.010     78.328    -18.149     29.937
      3.320    -19.763    266.971    158.307     78.389    -18.967     29.451
      3.330    -18.979    266.777    158.599     78.449    -19.786     28.964
      3.340    -18.194    266.575    158.886     78.506    -20.605     28.476
      3.350    -17.409    266.365    159.168     78.561    -21.423     27.987
      3.360    -16.623    266.147    159.446     78.613    -22.242     27.496
      3.370    -15.836    265.920    159.718     78.663    -23.061     27.004
      3.380    -15.049    265.686    159.986     78.710    -23.879     26.511
      3.390    -14.262    265.443    160.248     78.756    -24.698     26.016
      3.400    -13.474    265.192    160.506     78.798    -25.517     25.520
      3.410    -12.686    264.932    160.759     78.839    -26.336     25.023
      3.420    -11.898    264.665    161.007     78.877    -27.156     24.524
      3.430    -11.109    264.389    161.249     78.913    -27.975     24.024
      3.440    -10.319    264.105    161.487     78.946    -28.795     23.523
      3.450     -9.530    263.813    161.720     78.977    -29.615     23.020
      3.460     -8.740    263.513    161.947     79.005    -30.436     22.515
      3.470     -7.950    263.205    162.170     79.031    -31.256     22.009
      3.480     -7.159    262.888    162.388     79.055    -32.078     21.502
      3.490     -6.369    262.563    162.600     79.076    -32.899     20.993
      3.500     -5.578    262.230    162.807     79.095    -33.721     20.482
      3.510     -4.787    261.889    163.010     79.111    -34.544     19.970
      3.520     -3.995    261.539    163.207     79.125    -35.367     19.456
      3.530     -3.204    261.181    163.399     79.136    -36.190     18.941
      3.540     -2.413    260.815    163.586     79.145    -37.014     18.423
      3.550     -1.621    260.441    163.767     79.151    -37.839     17.905
      3.560     -0.830    260.059    163.944     79.155    -38.664     17.384
      3.570     -0.038    259.668    164.115     79.156    -39.491     16.862
      3.580      0.753    259.269    164.281     79.155    -40.317     16.338
      3.590      1.545    258.861    164.442     79.152    -41.145     15.812
      3.600      2.336    258.446    164.597     79.145    -41.973     15.284
      3.610      3.128    258.022    164.747     79.137    -42.802     14.754
      3.620      3.919    257.590    164.892     79.125    -43.632     14.223
      3.630      4.710    257.149    165.032     79.111    -44.463     13.690
      3.640      5.501    256.701    165.166     79.095    -45.294     13.154
      3.650      6.292    256.243    165.295     79.076    -46.127     12.617
      3.660      7.083    255.778    165.418     79.054    -46.961     12.078
      3.670      7.873    255.304    165.536     79.029    -47.795     11.536
      3.680      8.663    254.822    165.649     79.002    -48.631     10.993
      3.690      9.453    254.332    165.756     78.973    -49.468     10.447
      3.700     10.243    253.833    165.858     78.940    -50.306      9.899
      3.710     11.032    253.326    165.954     78.905    -51.145      9.350
      3.720     11.821    252.810    166.045     78.867    -51.985      8.797
      3.730     12.609    252.286    166.130     78.826    -52.826      8.243
      3.740     13.397    251.753    166.210     78.783    -53.669      7.687
      3.750     14.185    251.212    166.284     78.737    -54.513      7.128
      3.760     14.972    250.663    166.352     78.687    -55.358      6.567
      3.770     15.759    250.105    166.415     78.636    -56.205      6.003
      3.780     16.545    249.539    166.472     78.581    -57.053      5.437
      3.790     17.330    248.964    166.524     78.523    -57.902      4.868
      3.800     18.115    248.381    166.570     78.462    -58.753      4.298
      3.810     18.900    247.789    166.610     78.399    -59.606      3.724
      3.820     19.683    247.189    166.644     78.332    -60.460      3.148
      3.830     20.466    246.580    166.673     78.263    -61.316      2.569
      3.840     21.248    245.962    166.696     78.190    -62.173      1.988
      3.850     22.030    245.336    166.713     78.114    -63.032      1.404
      3.860     22.811    244.702    166.724     78.035    -63.893      0.818
      3.870     23.591    244.059    166.729     77.954    -64.755      0.228
      3.880     24.370    243.407    166.728     77.869    -65.620     -0.364
      3.890     25.148    242.746    166.722     77.780    -66.486     -0.959
      3.900     25.925    242.077    166.709     77.689    -67.354     -1.557
      3.910     26.702    241.399    166.690     77.594    -68.224     -2.158
      3.920     27.477    240.712    166.666     77.496    -69.096     -2.762
      3.930     28.252    240.017    166.635     77.395    -69.970     -3.369
      3.940     29.025    239.313    166.598     77.290    -70.846     -3.979
      3.950     29.798    238.600    166.556     77.182    -71.724     -4.592
      3.960     30.569    237.879    166.507     77.071    -72.604     -5.209
      3.970     31.339    237.148    166.451     76.956    -73.487     -5.828
      3.980     32.108    236.409    166.390     76.837    -74.371     -6.451
      3.990     32.876    235.661    166.322     76.715    -75.258     -7.077
      4.000     33.642    234.904    166.248     76.589    -76.148     -7.707
      4.010     34.407    234.138    166.168     76.460    -77.039     -8.340
      4.020     35.171    233.363    166.082     76.327    -77.934     -8.977
      4.030     35.934    232.579    165.989     76.190    -78.830     -9.617
      4.040     36.695    231.786    165.889     76.049    -79.729    -10.260
      4.050     37.455    230.984    165.783     75.905    -80.631    -10.908
      4.060     38.213    230.174    165.671     75.756    -81.535    -11.559
      4.070     38.970    229.354    165.552     75.604    -82.442    -12.214
      4.080     39.725    228.525    165.427     75.448    -83.352    -12.873
      4.090     40.479    227.687    165.295     75.287    -84.265    -13.535
      4.100     41.231    226.839    165.156     75.123    -85.180    -14.202
      4.110     41.981    225.983    165.011     74.954    -86.099    -14.873
      4.120     42.730    225.117    164.859     74.781    -87.020    -15.548
      4.130     43.477    224.243    164.700     74.604    -87.944    -16.227
      4.140     44.222    223.359    164.534     74.422    -88.871    -16.910
      4.150     44.965    222.465    164.361     74.236    -89.802    -17.597
      4.160     45.707    221.563    164.182     74.045    -90.735    -18.289
      4.170     46.446    220.650    163.996     73.850    -91.672    -18.986
      4.180     47.184    219.729    163.802     73.650    -92.612    -19.687
      4.190     47.919    218.798    163.602     73.445    -93.556    -20.393
      4.200     48.653    217.858    163.394     73.236    -94.503    -21.103
      4.210     49.384    216.908    163.180     73.022    -95.453    -21.818
      4.220     50.113    215.949    162.958     72.802    -96.407    -22.538
      4.230     50.840    214.980    162.729     72.578    -97.365    -23.263
      4.240     51.565    214.002    162.493     72.349    -98.326    -23.993
      4.250     52.287    213.013    162.249     72.114    -99.291    -24.728
      4.260     53.007    212.016    161.998     71.874   -100.260    -25.469
      4.270     53.724    211.008    161.740     71.629   -101.233    -26.214
      4.280     54.439    209.991    161.474     71.378   -102.209    -26.965
      4.290     55.152    208.964    161.200     71.121   -103.190    -27.722
      4.300     55.862    207.927    160.919     70.859   -104.175    -28.484
      4.310     56.569    206.881    160.631     70.591   -105.164    -29.252
      4.320     57.274    205.824    160.334     70.317   -106.157    -30.026
      4.330     57.975    204.757    160.030     70.037   -107.154    -30.806
      4.340     58.674    203.681    159.718     69.751   -108.156    -31.591
      4.350     59.370    202.594    159.398     69.458   -109.162    -32.383
      4.360     60.063    201.498    159.070     69.160   -110.173    -33.181
      4.370     60.753    200.391    158.735     68.854   -111.189    -33.986
      4.380     61.440    199.274    158.391     68.542   -112.209    -34.797
      4.390     62.124    198.147    158.039     68.224   -113.234    -35.615
      4.400     62.805    197.009    157.678     67.898   -114.264    -36.439
      4.410     63.482    195.861    157.310     67.565   -115.299    -37.270
      4.420     64.156    194.703    156.933     67.225   -116.339    -38.108
      4.430     64.827    193.534    156.548     66.878   -117.384    -38.954
      4.440     65.494    192.355    156.154     66.523   -118.435    -39.807
      4.450     66.157    191.166    155.751     66.161   -119.491    -40.667
      4.460     66.817    189.965    155.340     65.791   -120.552    -41.535
      4.470     67.473    188.755    154.921     65.413   -121.619    -42.410
      4.480     68.125    187.533    154.492     65.026   -122.691    -43.294
      4.490     68.773    186.301    154.055     64.631   -123.769    -44.185
      4.500     69.418    185.058    153.608     64.228   -124.853    -45.085
      4.510     70.058    183.804    153.153     63.816   -125.943    -45.993
      4.520     70.694    182.539    152.689     63.395   -127.039    -46.909
      4.530     71.326    181.263    152.215     62.964   -128.141    -47.835
      4.540     71.953    179.976    151.732     62.525   -129.249    -48.769
      4.550     72.576    178.678    151.239     62.076   -130.364    -49.713
      4.560     73.195    177.369    150.738     61.617   -131.485    -50.665
      4.570     73.808    176.048    150.226     61.147   -132.613    -51.628
      4.580     74.418    174.716    149.705     60.668   -133.748    -52.600
      4.590     75.022    173.373    149.174     60.178   -134.889    -53.582
      4.600     75.621    172.018    148.633     59.677   -136.038    -54.574
      4.610     76.215    170.652    148.083     59.165   -137.194    -55.576
      4.620     76.804    169.275    147.522     58.641   -138.356    -56.589
      4.630     77.388    167.885    146.951     58.106   -139.527    -57.613
      4.640     77.966    166.484    146.369     57.559   -140.704    -58.649
      4.650     78.539    165.071    145.778     57.000   -141.890    -59.695
      4.660     79.106    163.646    145.175     56.427   -143.083    -60.753
      4.670     79.668    162.209    144.563     55.842   -144.284    -61.823
      4.680     80.223    160.760    143.939     55.244   -145.493    -62.905
      4.690     80.772    159.299    143.304     54.631   -146.710    -64.000
      4.700     81.316    157.826    142.659     54.005   -147.936    -65.107
      4.710     81.852    156.341    142.002     53.364   -149.170    -66.228
      4.720     82.383    154.843    141.334     52.708   -150.413    -67.362
      4.730     82.907    153.332    140.655     52.037   -151.665    -68.509
      4.740     83.423    151.809    139.964     51.349   -152.925    -69.671
      4.750     83.933    150.274    139.261     50.646   -154.195    -70.847
      4.760     84.436    148.725    138.547     49.925   -155.474    -72.038
      4.770     84.932    147.164    137.821     49.188   -156.763    -73.244
      4.780     85.420    145.590    137.082     48.432   -158.061    -74.466
      4.790     85.900    144.003    136.331     47.658   -159.369    -75.703
      4.800     86.373    142.403    135.568     46.866   -160.688    -76.957
      4.810     86.838    140.789    134.792     46.053   -162.016    -78.228
      4.820     87.294    139.162    134.003     45.220   -163.355    -79.516
      4.830     87.742    137.522    133.201     44.367   -164.704    -80.822
      4.840     88.181    135.868    132.387     43.492   -166.064    -82.146
      4.850     88.612    134.201    131.558     42.594   -167.435    -83.489
      4.860     89.033    132.519    130.717     41.673   -168.818    -84.851
      4.870     89.445    130.824    129.861     40.729   -170.211    -86.233
      4.880     89.847    129.115    128.992     39.760   -171.616    -87.635
      4.890     90.240    127.392    128.109     38.765   -173.033    -89.059
      4.900     90.623    125.654    127.211     37.744   -174.462    -90.503
      4.910     90.995    123.903    126.298     36.695   -175.903    -91.970
      4.920     91.356    122.136    125.371     35.618   -177.356    -93.460
      4.930     91.707    120.355    124.429     34.511   -178.822    -94.974
      4.940     92.046    118.560    123.472     33.374   -180.301    -96.511
      4.950     92.374    116.749    122.499     32.205   -181.792    -98.074
      4.960     92.690    114.924    121.510     31.003   -183.297    -99.662
      4.970     92.994    113.083    120.505     29.767   -184.815   -101.278
      4.980     93.286    111.228    119.484     28.495   -186.347   -102.920
      4.990     93.564    109.356    118.447     27.186   -187.892   -104.591
      5.000     93.829    107.470    117.392     25.838   -189.452   -106.291
      5.010     94.081    105.567    116.321     24.450   -191.025   -108.022
      5.020     94.318    103.649    115.232     23.020   -192.613   -109.783
      5.030     94.541    101.715    114.125     21.547   -194.215   -111.577
      5.040     94.749     99.765    113.000     20.027   -195.832   -113.405
      5.050     94.941     97.798    111.857     18.461   -197.464   -115.266
      5.060     95.118     95.815    110.695     16.844   -199.111   -117.164
      5.070     95.278     93.816    109.513     15.176   -200.773   -119.099
      5.080     95.421     91.800    108.312     13.453   -202.450   -121.072
      5.090     95.546     89.767    107.092     11.673   -204.142   -123.084
      5.100     95.654     87.717    105.850      9.833   -205.850   -125.138
      5.110     95.743     85.650    104.589      7.931   -207.572   -127.235
      5.120     95.812     83.565    103.306      5.964   -209.310   -129.376
      5.130     95.862     81.463    102.001      3.928   -211.064   -131.563
      5.140     95.890     79.344    100.674      1.819   -212.832   -133.798
      5.150     95.898     77.207     99.325     -0.366   -214.615   -136.082
      5.160     95.883     75.052     97.952     -2.630   -216.413   -138.418
      5.170     95.845     72.878     96.556     -4.979   -218.225   -140.808
      5.180     95.783     70.687     95.136     -7.417   -220.052   -143.254
      5.190     95.696     68.477     93.691     -9.948   -221.891   -145.757
      5.200     95.583     66.249     92.220    -12.579   -223.744   -148.322
      5.210     95.444     64.002     90.724    -15.314   -225.609   -150.949
      5.220     95.276     61.737     89.201    -18.159   -227.485   -153.642
      5.230     95.080     59.453     87.651    -21.123   -229.372   -156.403
      5.240     94.853     57.149     86.073    -24.210   -231.267   -159.236
      5.250     94.595     54.827     84.466    -27.429   -233.170   -162.143
      5.260     94.304     52.486     82.829    -30.789   -235.079   -165.129
      5.270     93.979     50.126     81.163    -34.298   -236.991   -168.195
      5.280     93.617     47.746     79.465    -37.966   -238.904   -171.346
      5.290     93.218     45.348     77.735    -41.803   -240.816   -174.586
      5.300     92.780     42.930     75.973    -45.821   -242.723   -177.919
      5.310     92.301     40.493     74.176    -50.033   -244.622   -181.348
      5.320     91.779     38.038     72.345    -54.451   -246.507   -184.878
      5.330     91.211     35.563     70.478    -59.092   -248.373   -188.514
      5.340     90.596     33.070     68.574    -63.970   -250.215   -192.260
      5.350     89.930     30.559     66.633    -69.105   -252.025   -196.121
      5.360     89.212     28.030     64.651    -74.515   -253.794   -200.102
      5.370     88.438     25.483     62.630    -80.221   -255.513   -204.208
      5.380     87.606     22.920     60.567    -86.248   -257.170   -208.444
      5.390     86.712     20.340     58.460    -92.620   -258.751   -212.816
      5.400     85.752     17.745     56.310    -99.367   -260.241   -217.327
      5.410     84.722     15.136     54.113   -106.520   -261.621   -221.983
      5.420     83.619     12.514     51.869   -114.113   -262.868   -226.788
      5.430     82.438      9.879     49.577   -122.184   -263.957   -231.745
      5.440     81.173      7.235     47.234   -130.775   -264.855   -236.856
      5.450     79.819      4.584     44.839   -139.931   -265.527   -242.124
      5.460     78.371      1.926     42.390   -149.704   -265.930   -247.547
      5.470     76.822     -0.733     39.887   -160.148   -266.010   -253.120
      5.480     75.165     -3.392     37.327   -171.324   -265.706   -258.838
      5.490     73.392     -6.045     34.710   -183.296   -264.946   -264.687
      5.500     71.494     -8.688     32.033   -196.135   -263.640   -270.650
      5.510     69.464    -11.315     29.296   -209.915   -261.685   -276.699
      5.520     67.291    -13.918     26.499   -224.712   -258.955   -282.795
      5.530     64.964    -16.489     23.640   -240.603   -255.301   -288.885
      5.540     62.473    -19.019     20.721   -257.663   -250.547   -294.898
      5.550     59.805    -21.494     17.743   -275.957   -244.486   -300.735
      5.560     56.948    -23.901     14.708   -295.534   -236.875   -306.269
      5.570     53.888    -26.222     11.620   -316.413   -227.433   -311.334
      5.580     50.613    -28.438      8.485   -338.568   -215.844   -315.715
      5.590     47.111    -30.527      5.311   -361.906   -201.762   -319.144
      5.600     43.370    -32.459      2.108   -386.238   -184.824   -321.289
      5.610     39.382    -34.207     -1.106   -411.243   -164.680   -321.671
      5.620     35.144    -35.736     -4.313   -436.409   -141.062   -319.658
      5.630     30.657    -37.010     -7.486   -461.057   -113.812   -315.029
      5.640     25.930    -37.994    -10.598   -484.341    -82.950   -307.361
      5.650     20.982    -38.652    -13.617   -505.269    -48.757   -296.318
      5.660     15.841    -38.955    -16.507   -522.789    -11.832   -281.733
      5.670     10.548    -38.880    -19.234   -535.923     26.906   -263.688
      5.680      5.149    -38.414    -21.765   -543.919     66.279   -242.544
      5.690     -0.303    -37.558    -24.073   -546.388    104.985   -218.935
      5.700     -5.752    -36.324    -26.136   -543.373    141.775   -193.687
      5.710    -11.145    -34.737    -27.943   -535.327    175.612   -167.702
      5.720    -16.437    -32.830    -29.490   -523.010    205.784   -141.836
      5.730    -21.589    -30.641    -30.784   -507.347    231.929   -116.806
      5.740    -26.572    -28.212    -31.833   -489.287    253.999    -93.140
      5.750    -31.367    -25.581    -32.655   -469.703    272.182    -71.175
      5.760    -35.962    -22.786    -33.266   -449.331    286.816    -51.077
      5.770    -40.352    -19.860    -33.686   -428.750    298.317    -32.885
      5.780    -44.538    -16.833    -33.933   -408.392    307.117    -16.546
      5.790    -48.523    -13.729    -34.026   -388.557    313.631     -1.951
      5.800    -52.313    -10.570    -33.980   -369.444    318.237     11.038
      5.810    -55.916     -7.372    -33.812   -351.170    321.266     22.572
      5.820    -59.341     -4.151    -33.535   -333.797    323.003     32.804
      5.830    -62.596     -0.918    -33.162   -317.344    323.687     41.875
      5.840    -65.692      2.318    -32.703   -301.801    323.518     49.920
      5.850    -68.637      5.549    -32.168   -287.143    322.659     57.058
      5.860    -71.439      8.769    -31.566   -273.330    321.247     63.396
      5.870    -74.107     11.972    -30.904   -260.318    319.393     69.030
      5.880    -76.649     15.155    -30.188   -248.060    317.187     74.043
      5.890    -79.072     18.314    -29.426   -236.506    314.704     78.506
      5.900    -81.383     21.448    -28.621   -225.611    312.004     82.486
      5.910    -83.587     24.554    -27.778   -215.328    309.137     86.036
      5.920    -85.692     27.630    -26.902   -205.613    306.142     89.206
      5.930    -87.702     30.676    -25.996   -196.427    303.053     92.038
      5.940    -89.623     33.691    -25.063   -187.732    299.897     94.570
      5.950    -91.459     36.674    -24.106   -179.493    296.695     96.833
      5.960    -93.215     39.624    -23.127   -171.676    293.466     98.856
      5.970    -94.895     42.543    -22.129   -164.253    290.224    100.664
      5.980    -96.502     45.429    -21.115   -157.196    286.980    102.280
      5.990    -98.040     48.283    -20.085   -150.480    283.744    103.722
      6.000    -99.513     51.104    -19.041   -144.080    280.525    105.008
      6.010   -100.923     53.893    -17.985   -137.977    277.328    106.152
      6.020   -102.274     56.651    -16.919   -132.150    274.158    107.170
      6.030   -103.568     59.376    -15.842   -126.582    271.019    108.072
      6.040   -104.807     62.071    -14.758   -121.255    267.915    108.869
      6.050   -105.994     64.735    -13.666   -116.155    264.847    109.570
      6.060   -107.131     67.368    -12.567   -111.267    261.817    110.185
      6.070   -108.220     69.972    -11.462   -106.579    258.827    110.721
      6.080   -109.264     72.545    -10.353   -102.078    255.877    111.184
      6.090   -110.263     75.089     -9.239    -97.753    252.969    111.582
      6.100   -111.219     77.605     -8.121    -93.594    250.102    111.918
      6.110   -112.135     80.092     -7.001    -89.592    247.277    112.200
      6.120   -113.012     82.550     -5.878    -85.738    244.492    112.430
      6.130   -113.851     84.982     -4.752    -82.024    241.749    112.613
      6.140   -114.653     87.386     -3.626    -78.442    239.047    112.754
      6.150   -115.420     89.763     -2.498    -74.984    236.385    112.854
      6.160   -116.154     92.113     -1.369    -71.646    233.763    112.917
      6.170   -116.854     94.438     -0.239    -68.419    231.180    112.945
      6.180   -117.522     96.737      0.890    -65.300    228.635    112.934
      6.190   -118.160     99.011      2.019    -62.282    226.129    112.890
      6.200   -118.769    101.260      3.148    -59.360    223.659    112.820
      6.210   -119.348    103.484      4.275    -56.531    221.226    112.725
      6.220   -119.900    105.685      5.402    -53.789    218.829    112.607
      6.230   -120.424    107.861      6.527    -51.130    216.466    112.469
      6.240   -120.923    110.014      7.651    -48.551    214.138    112.311
      6.250   -121.396    112.144      8.774    -46.047    211.843    112.136
      6.260   -121.844    114.251      9.894    -43.617    209.581    111.943
      6.270   -122.268    116.336     11.012    -41.255    207.350    111.735
      6.280   -122.669    118.398     12.129    -38.960    205.150    111.513
      6.290   -123.048    120.439     13.243    -36.728    202.981    111.278
      6.300   -123.404    122.458     14.354    -34.557    200.841    111.029
      6.310   -123.739    124.456     15.463    -32.444    198.731    110.769
      6.320   -124.053    126.433     16.569    -30.388    196.648    110.499
      6.330   -124.347    128.389     17.673    -28.384    194.593    110.218
      6.340   -124.621    130.325     18.774    -26.432    192.565    109.928
      6.350   -124.876    132.241     19.871    -24.530    190.563    109.629
      6.360   -125.112    134.136     20.966    -22.675    188.586    109.321
      6.370   -125.330    136.012     22.058    -20.866    186.634    109.006
      6.380   -125.530    137.869     23.146    -19.100    184.707    108.684
      6.390   -125.712    139.707     24.232    -17.377    182.803    108.355
      6.400   -125.877    141.525     25.313    -15.695    180.923    108.020
      6.410   -126.026    143.325     26.392    -14.052    179.065    107.679
      6.420   -126.159    145.107     27.467    -12.447    177.229    107.333
      6.430   -126.275    146.870     28.539    -10.879    175.415    106.981
      6.440   -126.376    148.615     29.607     -9.345    173.622    106.625
      6.450   -126.462    150.342     30.671     -7.846    171.849    106.264
      6.460   -126.533    152.052     31.732     -6.380    170.097    105.899
      6.470   -126.590    153.744     32.789     -4.945    168.364    105.530
      6.480   -126.633    155.420     33.842     -3.542    166.650    105.157
      6.490   -126.661    157.078     34.892     -2.168    164.955    104.781
      6.500   -126.676    158.719     35.938     -0.822    163.278    104.402
      6.510   -126.678    160.343     36.980      0.495    161.619    104.020
      6.520   -126.666    161.951     38.018      1.786    159.977    103.635
      6.530   -126.642    163.543     39.053      3.050    158.352    103.247
      6.540   -126.605    165.118     40.083      4.289    156.744    102.857
      6.550   -126.556    166.678     41.110      5.504    155.153    102.465
      6.560   -126.495    168.221     42.133      6.694    153.577    102.071
      6.570   -126.423    169.749     43.151      7.862    152.016    101.674
      6.580   -126.338    171.262     44.166      9.007    150.471    101.276
      6.590   -126.243    172.759     45.177     10.131    148.941    100.876
      6.600   -126.136    174.241     46.184     11.233    147.425    100.474
      6.610   -126.018    175.708     47.186     12.315    145.924    100.071
      6.620   -125.890    177.159     48.185     13.377    144.437     99.667
      6.630   -125.751    178.596     49.180     14.419    142.963     99.261
      6.640   -125.601    180.019     50.170     15.443    141.502     98.854
      6.650   -125.442    181.426     51.157     16.448    140.055     98.446
      6.660   -125.272    182.820     52.139     17.436    138.620     98.037
      6.670   -125.093    184.199     53.117     18.406    137.198     97.627
      6.680   -124.904    185.564     54.092     19.359    135.788     97.216
      6.690   -124.706    186.915     55.062     20.296    134.390     96.804
      6.700   -124.499    188.252     56.028     21.216    133.004     96.392
      6.710   -124.282    189.575     56.990     22.122    131.630     95.978
      6.720   -124.056    190.884     57.947     23.011    130.266     95.564
      6.730   -123.822    192.180     58.901     23.886    128.914     95.150
      6.740   -123.579    193.463     59.850     24.747    127.573     94.735
      6.750   -123.327    194.732     60.796     25.594    126.242     94.319
      6.760   -123.067    195.988     61.737     26.426    124.921     93.903
      6.770   -122.798    197.230     62.674     27.245    123.611     93.487
      6.780   -122.522    198.460     63.606     28.052    122.311     93.070
      6.790   -122.237    199.676     64.535     28.845    121.020     92.653
      6.800   -121.945    200.880     65.459     29.626    119.739     92.235
      6.810   -121.645    202.071     66.380     30.394    118.468     91.817
      6.820   -121.337    203.250     67.296     31.151    117.206     91.399
      6.830   -121.022    204.415     68.208     31.896    115.953     90.981
      6.840   -120.699    205.569     69.115     32.630    114.708     90.562
      6.850   -120.370    206.710     70.019     33.352    113.473     90.144
      6.860   -120.032    207.838     70.918     34.064    112.246     89.725
      6.870   -119.688    208.955     71.813     34.765    111.027     89.306
      6.880   -119.337    210.059     72.704     35.455    109.816     88.887
      6.890   -118.979    211.151     73.591     36.136    108.614     88.467
      6.900   -118.615    212.231     74.474     36.806    107.419     88.048
      6.910   -118.243    213.299     75.352     37.466    106.233     87.629
      6.920   -117.865    214.356     76.226     38.117    105.054     87.209
      6.930   -117.481    215.401     77.096     38.759    103.882     86.789
      6.940   -117.090    216.434     77.962     39.391    102.718     86.370
      6.950   -116.693    217.455     78.824     40.015    101.561     85.950
      6.960   -116.290    218.465     79.681     40.630    100.411     85.531
      6.970   -115.881    219.463     80.534     41.236     99.268     85.111
      6.980   -115.465    220.450     81.383     41.833     98.131     84.691
      6.990   -115.044    221.426     82.228     42.422     97.002     84.271
      7.000   -114.617    222.390     83.069     43.003     95.879     83.852
      7.010   -114.184    223.343     83.905     43.577     94.762     83.432
      7.020   -113.745    224.286     84.737     44.142     93.652     83.012
      7.030   -113.301    225.217     85.565     44.699     92.548     82.593
      7.040   -112.851    226.137     86.389     45.250     91.450     82.173
      7.050   -112.396    227.046     87.209     45.792     90.358     81.753
      7.060   -111.936    227.944     88.024     46.328     89.273     81.334
      7.070   -111.470    228.831     88.836     46.856     88.192     80.914
      7.080   -110.998    229.708     89.643     47.377     87.118     80.495
      7.090   -110.522    230.573     90.445     47.892     86.049     80.075
      7.100   -110.041    231.429     91.244     48.399     84.986     79.656
      7.110   -109.554    232.273     92.039     48.900     83.928     79.236
      7.120   -109.063    233.107     92.829     49.395     82.875     78.817
      7.130   -108.566    233.931     93.615     49.883     81.827     78.397
      7.140   -108.065    234.744     94.397     50.365     80.785     77.978
      7.150   -107.559    235.546     95.174     50.841     79.748     77.558
      7.160   -107.048    236.339     95.948     51.310     78.715     77.139
      7.170   -106.533    237.121     96.717     51.774     77.688     76.719
      7.180   -106.013    237.893     97.482     52.231     76.665     76.300
      7.190   -105.488    238.654     98.243     52.683     75.647     75.881
      7.200   -104.959    239.405     99.000     53.129     74.633     75.461
      7.210   -104.426    240.147     99.752     53.570     73.624     75.042
      7.220   -103.888    240.878    100.501     54.005     72.619     74.622
      7.230   -103.346    241.599    101.245     54.435     71.619     74.203
      7.240   -102.799    242.310    101.985     54.859     70.623     73.784
      7.250   -102.248    243.012    102.721     55.278     69.631     73.364
      7.260   -101.694    243.703    103.452     55.692     68.644     72.945
      7.270   -101.135    244.385    104.179     56.100     67.660     72.525
      7.280   -100.572    245.056    104.903     56.504     66.681     72.105
      7.290   -100.005    245.718    105.622     56.903     65.705     71.686
      7.300    -99.434    246.370    106.336     57.297     64.733     71.266
      7.310    -98.859    247.013    107.047     57.686     63.765     70.846
      7.320    -98.280    247.646    107.753     58.070     62.801     70.426
      7.330    -97.697    248.269    108.455     58.450     61.840     70.006
      7.340    -97.111    248.882    109.153     58.825     60.883     69.586
      7.350    -96.521    249.487    109.847     59.195     59.929     69.166
      7.360    -95.927    250.081    110.537     59.561     58.979     68.746
      7.370    -95.330    250.666    111.222     59.923     58.032     68.326
      7.380    -94.729    251.242    111.903     60.280     57.089     67.905
      7.390    -94.124    251.808    112.580     60.633     56.149     67.485
      7.400    -93.516    252.365    113.253     60.982     55.212     67.064
      7.410    -92.904    252.912    113.921     61.326     54.278     66.643
      7.420    -92.289    253.450    114.586     61.667     53.348     66.222
      7.430    -91.671    253.979    115.246     62.003     52.420     65.801
      7.440    -91.049    254.499    115.902     62.335     51.496     65.379
      7.450    -90.424    255.009    116.553     62.663     50.574     64.958
      7.460    -89.796    255.510    117.201     62.988     49.655     64.536
      7.470    -89.165    256.002    117.844     63.308     48.739     64.114
      7.480    -88.530    256.485    118.483     63.625     47.826     63.692
      7.490    -87.892    256.959    119.118     63.938     46.916     63.270
      7.500    -87.251    257.423    119.749     64.247     46.008     62.847
      7.510    -86.607    257.879    120.375     64.552     45.103     62.424
      7.520    -85.960    258.325    120.997     64.854     44.200     62.001
      7.530    -85.310    258.763    121.615     65.152     43.300     61.578
      7.540    -84.657    259.191    122.229     65.447     42.402     61.155
      7.550    -84.001    259.611    122.838     65.738     41.507     60.731
      7.560    -83.342    260.022    123.443     66.025     40.614     60.307
      7.570    -82.681    260.423    124.044     66.309     39.724     59.882
      7.580    -82.016    260.816    124.641     66.590     38.836     59.457
      7.590    -81.349    261.200    125.233     66.867     37.950     59.032
      7.600    -80.679    261.575    125.822     67.141     37.066     58.607
      7.610    -80.006    261.941    126.406     67.412     36.184     58.181
      7.620    -79.331    262.299    126.985     67.679     35.305     57.755
      7.630    -78.653    262.647    127.561     67.943     34.428     57.329
      7.640    -77.972    262.987    128.132     68.204     33.552     56.902
      7.650    -77.289    263.319    128.699     68.462     32.679     56.475
      7.660    -76.603    263.641    129.261     68.716     31.807     56.047
      7.670    -75.914    263.955    129.820     68.967     30.938     55.619
      7.680    -75.223    264.260    130.374     69.216     30.070     55.191
      7.690    -74.530    264.556    130.923     69.461     29.204     54.762
      7.700    -73.834    264.844    131.469     69.703     28.340     54.333
      7.710    -73.136    265.123    132.010     69.942     27.477     53.903
      7.720    -72.435    265.393    132.547     70.179     26.616     53.473
      7.730    -71.732    265.655    133.080     70.412     25.757     53.042
      7.740    -71.027    265.908    133.608     70.642     24.900     52.611
      7.750    -70.320    266.153    134.132     70.869     24.044     52.179
      7.760    -69.610    266.389    134.651     71.094     23.189     51.747
      7.770    -68.898    266.617    135.167     71.316     22.336     51.314
      7.780    -68.183    266.836    135.678     71.534     21.485     50.881
      7.790    -67.467    267.047    136.184     71.750     20.635     50.447
      7.800    -66.748    267.249    136.687     71.964     19.786     50.013
      7.810    -66.028    267.442    137.185     72.174     18.938     49.578
      7.820    -65.305    267.628    137.678     72.382     18.092     49.143
      7.830    -64.580    267.804    138.167     72.587     17.248     48.706
      7.840    -63.853    267.973    138.652     72.789     16.404     48.270
      7.850    -63.124    268.132    139.133     72.988     15.562     47.832
      7.860    -62.394    268.284    139.609     73.185     14.720     47.394
      7.870    -61.661    268.427    140.081     73.379     13.880     46.956
      7.880    -60.926    268.561    140.548     73.571     13.041     46.516
      7.890    -60.189    268.688    141.011     73.760     12.203     46.076
      7.900    -59.451    268.805    141.470     73.946     11.367     45.635
      7.910    -58.710    268.915    141.924     74.130     10.531     45.194
      7.920    -57.968    269.016    142.373     74.311      9.696     44.752
      7.930    -57.224    269.109    142.819     74.489      8.862     44.309
      7.940    -56.478    269.193    143.260     74.665      8.028     43.865
      7.950    -55.731    269.269    143.696     74.839      7.196     43.421
      7.960    -54.982    269.337    144.128     75.010      6.365     42.976
      7.970    -54.231    269.397    144.556     75.178      5.534     42.530
      7.980    -53.478    269.448    144.979     75.344      4.704     42.083
      7.990    -52.724    269.491    145.397     75.508      3.875     41.635
      8.000    -51.968    269.525    145.811     75.668      3.046     41.187
      8.010    -51.210    269.552    146.221     75.827      2.218     40.737
      8.020    -50.451    269.570    146.626     75.983      1.391     40.287
      8.030    -49.691    269.580    147.027     76.136      0.564     39.836
      8.040    -48.929    269.581    147.423     76.288     -0.262     39.384
      8.050    -48.165    269.574    147.814     76.436     -1.088     38.931
      8.060    -47.400    269.559    148.201     76.583     -1.913     38.477
      8.070    -46.633    269.536    148.584     76.726     -2.737     38.022
      8.080    -45.865    269.505    148.962     76.868     -3.562     37.566
      8.090    -45.096    269.465    149.335     77.007     -4.386     37.109
      8.100    -44.325    269.417    149.704     77.144     -5.209     36.651
      8.110    -43.553    269.361    150.068     77.278     -6.032     36.193
      8.120    -42.780    269.296    150.428     77.410     -6.855     35.733
      8.130    -42.005    269.224    150.783     77.539     -7.678     35.272
      8.140    -41.229    269.143    151.133     77.666     -8.500     34.810
      8.150    -40.452    269.054    151.479     77.791     -9.322     34.346
      8.160    -39.673    268.956    151.820     77.914    -10.144     33.882
      8.170    -38.893    268.851    152.157     78.034    -10.966     33.417
      8.180    -38.113    268.737    152.489     78.151    -11.788     32.950
      8.190    -37.330    268.615    152.816     78.267    -12.609     32.483
      8.200    -36.547    268.485    153.138     78.380    -13.431     32.014
      8.210    -35.763    268.346    153.456     78.490    -14.253     31.544
      8.220    -34.977    268.200    153.769     78.599    -15.074     31.072
      8.230    -34.191    268.045    154.077     78.705    -15.896     30.600
      8.240    -33.403    267.882    154.381     78.808    -16.718     30.126
      8.250    -32.615    267.710    154.680     78.910    -17.539     29.651
      8.260    -31.825    267.531    154.974     79.009    -18.361     29.174
      8.270    -31.035    267.343    155.263     79.105    -19.184     28.696
      8.280    -30.243    267.147    155.548     79.199    -20.006     28.217
      8.290    -29.451    266.943    155.828     79.291    -20.829     27.737
      8.300    -28.657    266.731    156.103     79.381    -21.651     27.255
      8.310    -27.863    266.510    156.373     79.468    -22.475     26.772
      8.320    -27.068    266.281    156.638     79.553    -23.298     26.287
      8.330    -26.272    266.044    156.899     79.636    -24.122     25.801
      8.340    -25.475    265.799    157.154     79.716    -24.946     25.313
      8.350    -24.678    265.545    157.405     79.794    -25.771     24.824
      8.360    -23.879    265.283    157.651     79.869    -26.596     24.334
      8.370    -23.080    265.013    157.891     79.942    -27.422     23.841
      8.380    -22.281    264.735    158.127     80.013    -28.248     23.348
      8.390    -21.480    264.448    158.358     80.081    -29.075     22.852
      8.400    -20.679    264.153    158.584     80.147    -29.902     22.355
      8.410    -19.877    263.850    158.805     80.211    -30.730     21.857
      8.420    -19.075    263.539    159.022     80.272    -31.559     21.357
      8.430    -18.272    263.219    159.233     80.331    -32.388     20.855
      8.440    -17.468    262.891    159.439     80.387    -33.218     20.351
      8.450    -16.664    262.555    159.640     80.441    -34.049     19.846
      8.460    -15.859    262.210    159.836     80.493    -34.880     19.338
      8.470    -15.054    261.857    160.026     80.542    -35.713     18.829
      8.480    -14.248    261.496    160.212     80.589    -36.546     18.319
      8.490    -13.442    261.126    160.393     80.633    -37.380     17.806
      8.500    -12.636    260.748    160.568     80.675    -38.215     17.292
      8.510    -11.829    260.362    160.739     80.714    -39.051     16.775
      8.520    -11.022    259.967    160.904     80.751    -39.888     16.257
      8.530    -10.214    259.564    161.064     80.785    -40.726     15.737
      8.540     -9.406    259.153    161.218     80.817    -41.565     15.214
      8.550     -8.598    258.733    161.368     80.846    -42.406     14.690
      8.560     -7.789    258.305    161.512     80.872    -43.247     14.164
      8.570     -6.980    257.868    161.651     80.897    -44.090     13.635
      8.580     -6.171    257.423    161.785     80.918    -44.933     13.105
      8.590     -5.362    256.969    161.913     80.937    -45.778     12.572
      8.600     -4.552    256.507    162.036     80.953    -46.624     12.037
      8.610     -3.743    256.037    162.154     80.967    -47.472     11.500
      8.620     -2.933    255.558    162.266     80.978    -48.321     10.961
      8.630     -2.123    255.070    162.373     80.987    -49.171     10.419
      8.640     -1.313    254.574    162.475     80.992    -50.023      9.876
      8.650     -0.503    254.070    162.571     80.995    -50.876      9.329
      8.660      0.307    253.557    162.661     80.996    -51.731      8.781
      8.670      1.117    253.035    162.746     80.993    -52.587      8.230
      8.680      1.926    252.505    162.826     80.988    -53.445      7.676
      8.690      2.736    251.966    162.900     80.980    -54.305      7.120
      8.700      3.546    251.419    162.968     80.969    -55.166      6.562
      8.710      4.356    250.863    163.031     80.956    -56.029      6.001
      8.720      5.165    250.298    163.088     80.939    -56.893      5.437
      8.730      5.974    249.725    163.140     80.920    -57.760      4.871
      8.740      6.784    249.143    163.186     80.898    -58.628      4.302
      8.750      7.592    248.552    163.226     80.873    -59.498      3.731
      8.760      8.401    247.953    163.260     80.845    -60.370      3.156
      8.770      9.209    247.345    163.289     80.814    -61.244      2.579
      8.780     10.017    246.728    163.312     80.780    -62.120      1.999
      8.790     10.825    246.103    163.329     80.742    -62.998      1.416
      8.800     11.632    245.468    163.340     80.702    -63.878      0.830
      8.810     12.439    244.825    163.346     80.659    -64.760      0.241
      8.820     13.245    244.173    163.345     80.612    -65.644     -0.351
      8.830     14.051    243.512    163.339     80.563    -66.531     -0.945
      8.840     14.856    242.842    163.326     80.510    -67.420     -1.544
      8.850     15.661    242.164    163.308     80.454    -68.311     -2.145
      8.860     16.466    241.476    163.283     80.395    -69.205     -2.749
      8.870     17.269    240.780    163.253     80.332    -70.101     -3.357
      8.880     18.072    240.074    163.216     80.266    -70.999     -3.968
      8.890     18.874    239.360    163.173     80.196    -71.900     -4.582
      8.900     19.676    238.636    163.124     80.124    -72.803     -5.200
      8.910     20.477    237.904    163.069     80.047    -73.710     -5.822
      8.920     21.277    237.162    163.008     79.967    -74.618     -6.446
      8.930     22.076    236.411    162.940     79.884    -75.530     -7.075
      8.940     22.875    235.651    162.866     79.797    -76.444     -7.707
      8.950     23.672    234.882    162.786     79.706    -77.361     -8.343
      8.960     24.469    234.104    162.699     79.612    -78.281     -8.982
      8.970     25.264    233.317    162.606     79.514    -79.204     -9.626
      8.980     26.059    232.520    162.507     79.412    -80.130    -10.273
      8.990     26.853    231.714    162.401     79.306    -81.059    -10.924
      9.000     27.645    230.899    162.288     79.196    -81.991    -11.580
      9.010     28.437    230.074    162.169     79.082    -82.926    -12.239
      9.020     29.227    229.240    162.044     78.964    -83.864    -12.902
      9.030     30.016    228.397    161.911     78.842    -84.806    -13.570
      9.040     30.804    227.544    161.772     78.716    -85.751    -14.242
      9.050     31.590    226.682    161.626     78.586    -86.699    -14.919
      9.060     32.375    225.810    161.474     78.451    -87.651    -15.599
      9.070     33.159    224.929    161.314     78.313    -88.606    -16.285
      9.080     33.942    224.038    161.148     78.169    -89.565    -16.975
      9.090     34.722    223.138    160.975     78.021    -90.528    -17.669
      9.100     35.502    222.227    160.795     77.869    -91.494    -18.369
      9.110     36.280    221.308    160.607     77.712    -92.464    -19.073
      9.120     37.056    220.378    160.413     77.550    -93.438    -19.782
      9.130     37.831    219.439    160.212     77.384    -94.416    -20.496
      9.140     38.604    218.490    160.003     77.212    -95.398    -21.216
      9.150     39.375    217.531    159.787     77.036    -96.384    -21.940
      9.160     40.144    216.562    159.564     76.855    -97.374    -22.670
      9.170     40.912    215.583    159.334     76.668    -98.369    -23.405
      9.180     41.678    214.595    159.096     76.477    -99.367    -24.145
      9.190     42.442    213.596    158.851     76.279   -100.370    -24.891
      9.200     43.203    212.587    158.598     76.077   -101.378    -25.643
      9.210     43.963    211.568    158.338     75.869   -102.390    -26.401
      9.220     44.721    210.539    158.070     75.655   -103.406    -27.164
      9.230     45.476    209.500    157.795     75.436   -104.428    -27.934
      9.240     46.229    208.451    157.512     75.211   -105.454    -28.709
      9.250     46.980    207.391    157.221     74.980   -106.485    -29.491
      9.260     47.729    206.321    156.922     74.743   -107.521    -30.279
      9.270     48.475    205.241    156.615     74.499   -108.562    -31.073
      9.280     49.219    204.150    156.300     74.250   -109.608    -31.874
      9.290     49.960    203.049    155.978     73.994   -110.659    -32.682
      9.300     50.699    201.937    155.647     73.731   -111.716    -33.497
      9.310     51.435    200.814    155.308     73.462   -112.778    -34.318
      9.320     52.168    199.681    154.960     73.186   -113.845    -35.147
      9.330     52.898    198.537    154.605     72.902   -114.919    -35.982
      9.340     53.626    197.383    154.241     72.612   -115.998    -36.826
      9.350     54.351    196.217    153.868     72.315   -117.082    -37.676
      9.360     55.072    195.041    153.487     72.010   -118.173    -38.535
      9.370     55.791    193.854    153.097     71.697   -119.270    -39.401
      9.380     56.506    192.656    152.699     71.376   -120.373    -40.275
      9.390     57.218    191.446    152.292     71.048   -121.482    -41.157
      9.400     57.927    190.226    151.876     70.712   -122.597    -42.048
      9.410     58.632    188.994    151.451     70.367   -123.719    -42.947
      9.420     59.334    187.752    151.017     70.013   -124.848    -43.855
      9.430     60.033    186.497    150.574     69.651   -125.983    -44.771
      9.440     60.727    185.232    150.121     69.280   -127.125    -45.697
      9.450     61.418    183.955    149.660     68.900   -128.274    -46.632
      9.460     62.105    182.666    149.189     68.510   -129.431    -47.576
      9.470     62.788    181.366    148.708     68.111   -130.594    -48.530
      9.480     63.467    180.054    148.218     67.702   -131.765    -49.494
      9.490     64.142    178.731    147.718     67.283   -132.943    -50.468
      9.500     64.813    177.395    147.209     66.854   -134.129    -51.452
      9.510     65.479    176.048    146.689     66.414   -135.323    -52.447
      9.520     66.141    174.689    146.160     65.963   -136.525    -53.452
      9.530     66.799    173.318    145.620     65.500   -137.735    -54.468
      9.540     67.451    171.934    145.070     65.027   -138.953    -55.496
      9.550     68.099    170.539    144.510     64.541   -140.180    -56.535
      9.560     68.742    169.131    143.939     64.044   -141.415    -57.586
      9.570     69.380    167.710    143.358     63.534   -142.658    -58.649
      9.580     70.013    166.277    142.766     63.011   -143.911    -59.724
      9.590     70.640    164.832    142.164     62.475   -145.173    -60.812
      9.600     71.262    163.374    141.550     61.925   -146.444    -61.913
      9.610     71.878    161.903    140.925     61.362   -147.724    -63.027
      9.620     72.489    160.419    140.289     60.784   -149.014    -64.155
      9.630     73.094    158.923    139.642     60.192   -150.314    -65.296
      9.640     73.693    157.413    138.983     59.584   -151.624    -66.452
      9.650     74.286    155.890    138.313     58.960   -152.943    -67.623
      9.660     74.872    154.354    137.631     58.321   -154.274    -68.808
      9.670     75.452    152.805    136.937     57.665   -155.614    -70.009
      9.680     76.025    151.242    136.231     56.992   -156.966    -71.226
      9.690     76.592    149.665    135.512     56.301   -158.328    -72.459
      9.700     77.151    148.075    134.781     55.591   -159.702    -73.708
      9.710     77.704    146.471    134.038     54.863   -161.087    -74.975
      9.720     78.248    144.853    133.282     54.115   -162.483    -76.259
      9.730     78.786    143.221    132.513     53.348   -163.892    -77.561
      9.740     79.315    141.575    131.731     52.559   -165.312    -78.882
      9.750     79.837    139.915    130.935     51.749   -166.745    -80.222
      9.760     80.350    138.240    130.126     50.917   -168.190    -81.581
      9.770     80.855    136.551    129.303     50.061   -169.648    -82.961
      9.780     81.351    134.847    128.467     49.182   -171.119    -84.361
      9.790     81.839    133.129    127.616     48.278   -172.604    -85.783
      9.800     82.317    131.395    126.751     47.349   -174.102    -87.226
      9.810     82.785    129.647    125.871     46.393   -175.613    -88.692
      9.820     83.244    127.883    124.977     45.409   -177.139    -90.182
      9.830     83.693    126.104    124.068     44.397   -178.679    -91.695
      9.840     84.132    124.309    123.143     43.355   -180.234    -93.233
      9.850     84.560    122.499    122.203     42.282   -181.803    -94.797
      9.860     84.978    120.673    121.247     41.177   -183.388    -96.387
      9.870     85.384    118.831    120.275     40.039   -184.988    -98.004
      9.880     85.778    116.973    119.287     38.867   -186.603    -99.649
      9.890     86.161    115.099    118.282     37.658   -188.235   -101.323
      9.900     86.531    113.209    117.260     36.412   -189.883   -103.027
      9.910     86.889    111.301    116.221     35.126   -191.547   -104.762
      9.920     87.234    109.378    115.165     33.800   -193.228   -106.529
      9.930     87.565    107.437    114.090     32.431   -194.926   -108.329
      9.940     87.882    105.479    112.998     31.017   -196.641   -110.163
      9.950     88.185    103.504    111.887     29.557   -198.374   -112.032
      9.960     88.473    101.511    110.757     28.049   -200.125   -113.938
      9.970     88.746     99.501    109.608     26.489   -201.894   -115.882
      9.980     89.002     97.473    108.439     24.877   -203.681   -117.866
      9.990     89.243     95.428    107.250     23.208   -205.486   -119.890
     10.000     89.466     93.364    106.041     21.482   -207.310   -121.956
     10.010     89.672     91.281    104.811     19.694   -209.153   -124.066
     10.020     89.860     89.180    103.560     17.841   -211.015   -126.222
     10.030     90.029     87.061    102.286     15.921   -212.896   -128.425
     10.040     90.178     84.922    100.991     13.930   -214.797   -130.677
     10.050     90.307     82.765     99.673     11.864   -216.716   -132.980
     10.060     90.415     80.588     98.331      9.719   -218.655   -135.336
     10.070     90.501     78.392     96.966      7.492   -220.612   -137.748
     10.080     90.564     76.176     95.576      5.176   -222.589   -140.217
     10.090     90.604     73.940     94.161      2.768   -224.584   -142.747
     10.100     90.619     71.684     92.721      0.262   -226.598   -145.338
     10.110     90.609     69.408     91.254     -2.347   -228.629   -147.995
     10.120     90.572     67.111     89.760     -5.066   -230.678   -150.720
     10.130     90.507     64.794     88.239     -7.902   -232.744   -153.516
     10.140     90.413     62.456     86.690    -10.860   -234.825   -156.386
     10.150     90.289     60.098     85.111    -13.950   -236.920   -159.333
     10.160     90.133     57.718     83.503    -17.180   -239.029   -162.361
     10.170     89.944     55.317     81.863    -20.558   -241.150   -165.473
     10.180     89.721     52.895     80.193    -24.095   -243.280   -168.674
     10.190     89.462     50.451     78.489    -27.800   -245.417   -171.967
     10.200     89.164     47.986     76.753    -31.687   -247.559   -175.357
     10.210     88.827     45.500     74.982    -35.767   -249.702   -178.848
     10.220     88.448     42.992     73.175    -40.055   -251.842   -182.445
     10.230     88.025     40.463     71.332    -44.565   -253.975   -186.152
     10.240     87.555     37.913     69.452    -49.315   -256.095   -189.975
     10.250     87.037     35.341     67.532    -54.321   -258.196   -193.919
     10.260     86.468     32.749     65.573    -59.606   -260.270   -197.990
     10.270     85.844     30.136     63.572    -65.190   -262.308   -202.192
     10.280     85.162     27.503     61.528    -71.097   -264.299   -206.533
     10.290     84.420     24.851     59.440    -77.355   -266.231   -211.017
     10.300     83.613     22.179     57.307    -83.993   -268.089   -215.650
     10.310     82.738     19.489     55.127    -91.043   -269.855   -220.438
     10.320     81.790     16.782     52.898    -98.541   -271.508   -225.386
     10.330     80.765     14.060     50.618   -106.527   -273.023   -230.498
     10.340     79.657     11.323     48.287   -115.044   -274.370   -235.778
     10.350     78.461      8.573     45.902   -124.141   -275.515   -241.228
     10.360     77.171      5.814     43.461   -133.870   -276.414   -246.848
     10.370     75.780      3.047     40.964   -144.290   -277.018   -252.637
     10.380     74.281      0.275     38.408   -155.466   -277.265   -258.589
     10.390     72.667     -2.497     35.791   -167.466   -277.084   -264.692
     10.400     70.928     -5.264     33.113   -180.365   -276.387   -270.931
     10.410     69.054     -8.021     30.372   -194.244   -275.070   -277.279
     10.420     67.037    -10.762     27.567   -209.185   -273.008   -283.700
     10.430     64.865    -13.477     24.698   -225.274   -270.051   -290.142
     10.440     62.526    -16.157     21.765   -242.594   -266.022   -296.533
     10.450     60.007    -18.791     18.768   -261.219   -260.710   -302.778
     10.460     57.294    -21.364     15.710   -281.210   -253.866   -308.748
     10.470     54.375    -23.859     12.595   -302.597   -245.205   -314.276
     10.480     51.236    -26.257      9.428   -325.365   -234.401   -319.144
     10.490     47.862    -28.535      6.217   -349.429   -221.096   -323.080
     10.500     44.241    -30.665      2.973   -374.610   -204.911   -325.745
     10.510     40.365    -32.617     -0.289   -400.592   -185.478   -326.713
     10.520     36.228    -34.357     -3.549   -426.865   -162.505   -325.220
     10.530     31.830    -35.848     -6.780   -452.732   -135.822   -321.082
     10.540     27.180    -37.055     -9.955   -477.327   -105.437   -313.877
     10.550     22.295    -37.940    -13.041   -499.635    -71.622   -303.264
     10.560     17.204    -38.473    -16.003   -518.579    -34.973   -289.080
     10.570     11.945    -38.630    -18.805   -533.159      3.591   -271.411
     10.580      6.567    -38.397    -21.415   -542.604     42.893   -250.629
     10.590      1.121    -37.775    -23.805   -546.514     81.634   -227.374
     10.600     -4.336    -36.774    -25.955   -544.921    118.570   -202.475
     10.610     -9.752    -35.417    -27.851   -538.266    152.670   -176.826
     10.620    -15.080    -33.738    -29.492   -527.295    183.224   -151.274
     10.630    -20.281    -31.773    -30.881   -512.914    209.866   -126.522
     10.640    -25.326    -29.560    -32.029   -496.058    232.535   -103.088
     10.650    -30.194    -27.141    -32.951   -477.583    251.403    -81.300
     10.660    -34.873    -24.550    -33.664   -458.216    266.788    -61.324
     10.670    -39.357    -21.820    -34.186   -438.534    279.084    -43.200
     10.680    -43.644    -18.982    -34.537   -418.966    288.703    -26.878
     10.690    -47.738    -16.058    -34.732   -399.820    296.044    -12.257
     10.700    -51.644    -13.070    -34.790   -381.299    301.472      0.796
     10.710    -55.368    -10.036    -34.724   -363.530    305.309     12.425
     10.720    -58.919     -6.971    -34.548   -346.582    307.831     22.776
     10.730    -62.304     -3.885    -34.274   -330.484    309.273     31.986
     10.740    -65.532     -0.790    -33.913   -315.234    309.831     40.184
     10.750    -68.613      2.308    -33.475   -300.814    309.667     47.486
     10.760    -71.553      5.401    -32.967   -287.192    308.918     53.996
     10.770    -74.360      8.484    -32.398   -274.329    307.694     59.806
     10.780    -77.043     11.553    -31.774   -262.185    306.087     64.998
     10.790    -79.607     14.604    -31.101   -250.715    304.172     69.642
     10.800    -82.060     17.635    -30.384   -239.876    302.010     73.801
     10.810    -84.408     20.643    -29.627   -229.627    299.654     77.530
     10.820    -86.656     23.627    -28.835   -219.926    297.143     80.877
     10.830    -88.809     26.586    -28.011   -210.738    294.514     83.884
     10.840    -90.873     29.517    -27.159   -202.025    291.793     86.586
     10.850    -92.852     32.421    -26.281   -193.755    289.005     89.017
     10.860    -94.750     35.297    -25.380   -185.897    286.169     91.204
     10.870    -96.572     38.144    -24.458   -178.424    283.300     93.173
     10.880    -98.320     40.963    -23.517   -171.308    280.412     94.946
     10.890    -99.999     43.753    -22.560   -164.526    277.515     96.541
     10.900   -101.612     46.513    -21.587   -158.056    274.618     97.976
     10.910   -103.162     49.245    -20.601   -151.876    271.728     99.266
     10.920   -104.651     51.948    -19.603   -145.969    268.852    100.426
     10.930   -106.083     54.622    -18.593   -140.317    265.993    101.465
     10.940   -107.459     57.268    -17.574   -134.903    263.156    102.397
     10.950   -108.782     59.885    -16.546   -129.713    260.345    103.230
     10.960   -110.054     62.475    -15.510   -124.733    257.560    103.972
     10.970   -111.277     65.037    -14.467   -119.951    254.805    104.632
     10.980   -112.454     67.571    -13.417   -115.355    252.081    105.217
     10.990   -113.585     70.078    -12.363   -110.934    249.389    105.733
     11.000   -114.673     72.559    -11.303   -106.678    246.730    106.185
     11.010   -115.720     75.013    -10.239   -102.579    244.104    106.578
     11.020   -116.726     77.441     -9.172    -98.626    241.511    106.918
     11.030   -117.693     79.844     -8.101    -94.813    238.953    107.208
     11.040   -118.623     82.220     -7.028    -91.132    236.429    107.453
     11.050   -119.516     84.572     -5.952    -87.576    233.938    107.655
     11.060   -120.375     86.899     -4.875    -84.138    231.481    107.819
     11.070   -121.200     89.202     -3.796    -80.813    229.057    107.946
     11.080   -121.992     91.481     -2.716    -77.595    226.666    108.040
     11.090   -122.752     93.736     -1.635    -74.479    224.307    108.102
     11.100   -123.482     95.967     -0.554    -71.459    221.981    108.134
     11.110   -124.182     98.175      0.527    -68.531    219.686    108.134
     11.120   -124.853    100.361      1.608    -65.692    217.422    108.105
     11.130   -125.496    102.524      2.689    -62.936    215.189    108.052
     11.140   -126.112    104.665      3.769    -60.260    212.985    107.977
     11.150   -126.701    106.784      4.849    -57.661    210.811    107.883
     11.160   -127.265    108.881      5.927    -55.135    208.666    107.770
     11.170   -127.805    110.957      7.004    -52.679    206.549    107.640
     11.180   -128.319    113.012      8.079    -50.290    204.460    107.494
     11.190   -128.811    115.047      9.154    -47.964    202.398    107.333
     11.200   -129.279    117.060     10.226    -45.701    200.362    107.158
     11.210   -129.725    119.054     11.297    -43.496    198.352    106.970
     11.220   -130.149    121.028     12.365    -41.348    196.368    106.769
     11.230   -130.552    122.981     13.432    -39.254    194.408    106.557
     11.240   -130.935    124.916     14.497    -37.212    192.472    106.335
     11.250   -131.297    126.831     15.559    -35.221    190.560    106.102
     11.260   -131.639    128.727     16.619    -33.277    188.671    105.860
     11.270   -131.962    130.605     17.676    -31.380    186.805    105.609
     11.280   -132.267    132.463     18.731    -29.528    184.961    105.350
     11.290   -132.553    134.304     19.783    -27.718    183.138    105.083
     11.300   -132.822    136.126     20.832    -25.950    181.336    104.808
     11.310   -133.072    137.931     21.879    -24.222    179.555    104.527
     11.320   -133.306    139.717     22.923    -22.533    177.795    104.239
     11.330   -133.523    141.487     23.964    -20.881    176.053    103.945
     11.340   -133.724    143.239     25.002    -19.264    174.331    103.645
     11.350   -133.909    144.973     26.037    -17.683    172.628    103.340
     11.360   -134.078    146.691     27.068    -16.135    170.943    103.030
     11.370   -134.232    148.392     28.097    -14.619    169.276    102.715
     11.380   -134.370    150.077     29.123    -13.135    167.627    102.396
     11.390   -134.494    151.745     30.145    -11.681    165.995    102.072
     11.400   -134.604    153.397     31.164    -10.256    164.379    101.745
     11.410   -134.700    155.033     32.180     -8.860    162.781    101.413
     11.420   -134.781    156.653     33.192     -7.492    161.198    101.078
     11.430   -134.850    158.257     34.201     -6.150    159.630    100.740
     11.440   -134.905    159.845     35.207     -4.834    158.079    100.399
     11.450   -134.946    161.418     36.209     -3.543    156.542    100.054
     11.460   -134.976    162.976     37.208     -2.276    155.020     99.707
     11.470   -134.992    164.519     38.204     -1.034    153.512     99.357
     11.480   -134.996    166.046     39.195      0.186    152.018     99.005
     11.490   -134.989    167.559     40.184      1.384    150.539     98.650
     11.500   -134.969    169.057     41.168      2.560    149.072     98.293
     11.510   -134.937    170.541     42.150      3.715    147.619     97.934
     11.520   -134.895    172.010     43.127      4.849    146.179     97.573
     11.530   -134.841    173.464     44.101      5.964    144.751     97.211
     11.540   -134.775    174.905     45.071      7.059    143.336     96.846
     11.550   -134.699    176.331     46.038      8.136    141.933     96.480
     11.560   -134.613    177.744     47.001      9.194    140.542     96.112
     11.570   -134.516    179.142     47.960     10.234    139.162     95.743
     11.580   -134.408    180.527     48.916     11.257    137.794     95.372
     11.590   -134.291    181.898     49.868     12.263    136.437     95.000
     11.600   -134.163    183.256     50.816     13.253    135.091     94.627
     11.610   -134.026    184.600     51.760     14.226    133.756     94.252
     11.620   -133.879    185.931     52.701     15.184    132.431     93.877
     11.630   -133.722    187.249     53.638     16.126    131.117     93.500
     11.640   -133.556    188.553     54.571     17.054    129.813     93.123
     11.650   -133.381    189.845     55.500     17.967    128.518     92.744
     11.660   -133.197    191.124     56.426     18.866    127.233     92.365
     11.670   -133.004    192.390     57.347     19.751    125.958     91.985
     11.680   -132.802    193.643     58.265     20.623    124.692     91.604
     11.690   -132.591    194.884     59.179     21.481    123.436     91.222
     11.700   -132.372    196.112     60.090     22.327    122.188     90.839
     11.710   -132.145    197.327     60.996     23.160    120.949     90.456
     11.720   -131.909    198.531     61.899     23.981    119.719     90.072
     11.730   -131.665    199.722     62.798     24.789    118.497     89.688
     11.740   -131.413    200.901     63.693     25.586    117.283     89.303
     11.750   -131.154    202.067     64.584     26.371    116.078     88.918
     11.760   -130.886    203.222     65.471     27.146    114.881     88.532
     11.770   -130.611    204.365     66.354     27.909    113.691     88.146
     11.780   -130.328    205.496     67.234     28.661    112.509     87.759
     11.790   -130.038    206.615     68.110     29.403    111.335     87.371
     11.800   -129.740    207.723     68.981     30.135    110.168     86.984
     11.810   -129.435    208.819     69.849     30.856    109.009     86.596
     11.820   -129.123    209.903     70.713     31.568    107.856     86.207
     11.830   -128.804    210.976     71.573     32.270    106.711     85.818
     11.840   -128.478    212.037     72.430     32.962    105.572     85.429
     11.850   -128.145    213.087     73.282     33.645    104.441     85.040
     11.860   -127.805    214.126     74.130     34.319    103.316     84.650
     11.870   -127.458    215.154     74.975     34.984    102.197     84.260
     11.880   -127.105    216.170     75.816     35.641    101.085     83.870
     11.890   -126.745    217.175     76.652     36.289     99.979     83.479
     11.900   -126.379    218.170     77.485     36.928     98.879     83.088
     11.910   -126.007    219.153     78.314     37.559     97.785     82.697
     11.920   -125.628    220.125     79.139     38.182     96.698     82.306
     11.930   -125.243    221.087     79.960     38.798     95.616     81.914
     11.940   -124.852    222.038     80.777     39.405     94.540     81.523
     11.950   -124.455    222.978     81.591     40.005     93.469     81.131
     11.960   -124.052    223.907     82.400     40.597     92.404     80.739
     11.970   -123.643    224.826     83.205     41.182     91.345     80.346
     11.980   -123.229    225.734     84.007     41.759     90.291     79.954
     11.990   -122.808    226.632     84.804     42.330     89.242     79.561
     12.000   -122.382    227.519     85.598     42.893     88.198     79.168
     12.010   -121.950    228.396     86.388     43.450     87.159     78.775
